0 0.0775416543763631 0.39375 0.09097043364502548 0.059375
0 0.01640625 0.41328125 0.0328125 0.1203125
3 0.04682291950167361 0.43671875 0.03935339149054773 0.05
3 0.09124054001317838 0.45625 0.05019998789975162 0.034375
5 0.16328125 0.4203125 0.3265625 0.178125
5 0.17578125 0.43046875 0.2859375 0.1578125
1 0.2578125 0.87109375 0.34375 0.2578125
2 0.25390625 0.5953125 0.3515625 0.171875
5 0.21484375 0.7546875 0.4296875 0.490625
1 0.7734375 0.8890625 0.4375 0.221875
2 0.78046875 0.6453125 0.4390625 0.175
5 0.71484375 0.76953125 0.5703125 0.4609375