0 0.2782047297083281 0.2567281880967228 0.09255111436318479 0.06357269867918128
0 0.38980075986075313 0.27912190344522214 0.13822722872636958 0.12659995735199914
3 0.30841894965409883 0.30083272410085904 0.04092498184962743 0.0520352146721816
3 0.2614303201656035 0.3198185340944956 0.05177157825883114 0.036537484006999674
4 0.33101559143923415 0.44563669410404066 0.16817834913967822 0.17225790268936247
4 0.32265625 0.52578125 0.1859375 0.1078125
5 0.153125 0.53203125 0.29375 0.0953125
5 0.2140625 0.52578125 0.428125 0.1078125
5 0.23792009729296656 0.33204581409131395 0.4376192164297292 0.2941350920591791
5 0.17542009729296665 0.33131856074949617 0.2951771863754999 0.2487305907065437
8 0.634375 0.27109375 0.309375 0.5421875
8 0.5606359555078313 0.32997259472467916 0.09926472267624523 0.1433329240133631
8 0.787012103146699 0.36464013808876866 0.08044199980360815 0.13061474801081766
8 0.8893740338648584 0.36270601543599523 0.04573065651766228 0.07240225867281787
8 0.898803576019336 0.35344010343726795 0.10363406010845858 0.08869996801399935
2 0.5832614310127469 0.720934496737724 0.11319086729005097 0.12005905601527207
3 0.5594921329063408 0.7776930267345423 0.06766019867214013 0.08203179734245421
7 0.53359375 0.87421875 0.1078125 0.2515625
5 0.5046875 0.59296875 0.05 0.0265625
5 0.58046875 0.81875 0.2015625 0.3625