5 0.1046875 0.38984375 0.209375 0.1578125
5 0.1 0.40078125 0.2 0.1359375
3 0.7658004593809523 0.00546875 0.007921588001272717 0.009375
4 0.7573885227164068 0.02109375 0.034865896005727134 0.0421875
4 0.8380572673854066 0.03828125 0.028852253341817756 0.0625
5 0.840625 0.04921875 0.0625 0.0984375
5 0.76640625 0.0546875 0.0703125 0.109375
0 0.41957779801877193 0.56640625 0.020676126670909057 0.03125
3 0.42518290802036274 0.578125 0.011155676002545434 0.01875
7 0.4496107433561353 0.59609375 0.044586341343090474 0.071875
0 0.01764258068109026 0.534375 0.025418170671545236 0.0359375
7 0.01875 0.6015625 0.0375 0.103125
5 0.03984375 0.665625 0.0796875 0.303125
5 0.44763062002704423 0.62734375 0.07696358402290801 0.16875
5 0.503125 0.69609375 0.03125 0.2421875
4 0.790625 0.5328125 0.175 0.128125
4 0.59375 0.51328125 0.15 0.0890625
5 0.6484375 0.60625 0.259375 0.275
5 0.78203125 0.6125 0.2578125 0.2875